5.909064264385652798e-01
5.581240153942503834e-01
1.917240130299510403e-01
2.326301240387706193e-01
6.252794770477583253e-01
3.277485230474023736e-01
9.897308081214799269e-03
5.027758164386519901e-01
5.370016442869183226e-01
1.193068027762158589e-01
4.305819260438129015e-01
7.536407783574399222e-01
2.437405646494342215e-01
7.503623081695470765e-02
1.081072598912944933e-05
1.013623617815973210e+00
9.863258359211083404e-01
6.560471219983821101e-01
4.711680164073470123e-01
1.479435879154054057e+00
2.117405440999971800e-01
4.844947382344411135e-01
1.454403084447153383e+00
4.405395080068315594e-01
3.230243366149399553e-01
9.274333236157441540e-01
9.501821783683565004e-01
1.012559438898233549e-01
8.456941481585152770e-03
3.540031756215525349e-01
2.886702349734752635e-02
1.560172972832701843e+00
7.598034646101075040e-01
1.006483502678445774e+00
1.269126076644908396e+00
4.195082615050109952e-03
4.033911443178783141e-01
5.847978553878582231e-01
5.159198462724407658e-02
4.289724544250396732e-01
1.915217896022579913e-01
1.646238651795226826e-01
6.004466419041577449e-03
5.614312199853050550e-02
7.258070200257885629e-01
8.207729721110988974e-01
3.256810612547477894e-05
4.429760169904872757e-02
5.295728459303702396e-01
7.269345328538465711e-01
1.879862358126372507e-02
5.153229304021869801e-03
1.456584482684308568e-01
1.083186312597863264e-02
8.315065494376693289e-01
6.959260713872496805e-03
1.226498126307055871e-03
2.154428331692421206e-01
8.845250827392502069e-02
1.489664144608372209e-01
1.901520794238437673e-01
2.311343955086846425e-01
1.057115824069928545e+00
5.395110711807707959e-01
2.001790433536078939e-01
6.825303164659163313e-01
1.171133809488777433e-01
1.287816468123103464e+00
1.392093845812730546e+00
2.384248047646089497e-01
1.376462780667913943e+00
7.148406562342644044e-01
3.216229277518007912e-01
3.268825619290952750e-02
5.978446613779002661e-01
1.363013035704525144e+00
9.217042051119853641e-01
1.136728803612383043e+00
4.108742483611765861e-02
4.462938783769435092e-01
8.781324012150043545e-02
1.060009998079341376e+00
1.231240040446939486e-02
8.330074006199008133e-03
1.318177402301241363e+00
5.135880350780562820e-01
1.059218132294844766e-01
6.421365023710478015e-01
3.172514838934789449e-08
3.734518610757829593e-02
2.197352598805356882e-01
1.553303453958212316e-02
5.493087213956207027e-01
1.405101005919549284e-01
3.329414982294589143e-03
8.910408592300009811e-01
5.327583356398688007e-04
6.485329618619646297e-01
3.146409441039600963e-01
3.946361224637313925e-02
1.656563725445975965e+00
1.943109722840108411e-01
3.232223168096772792e-01
3.162077325802720856e-02
1.442771707839883089e-03
1.847771271603943291e-02
2.225451864137480751e+00
2.213253191400356368e+00
1.338945628223945583e+00
3.842202984055123061e+00
1.713577437215693777e+00
2.010845525605047812e-01
2.171005735355433952e+00
6.554720076902869064e-01
1.858345618712934133e+00
2.339835724327332667e+00
8.378545859941793905e-02
4.419148657067289432e-01
9.316254356129358150e-02
6.281610749478695223e-03
6.638271128522208464e-01
2.241851917491680002e+00
2.214231201452449005e-02
3.241324845023171530e+00
5.283434187871739740e-02
2.695646112936782135e+00
1.600544668740781079e-02
2.994663699204502816e+00
3.089873094503509665e-01
3.590003880305989270e+00
3.992595034800943576e+00
4.332305469627557137e+00
4.051211327291055930e+00
2.400635049820881495e+00
1.549883056124986114e+00
2.173322042095772455e-01
7.488592311744694807e-04
2.352261540784415406e+00
1.505866942870587484e-02
