9.403851445635921791e-02
8.416365835245433451e-04
5.446383619445175825e-05
1.604992613030891855e-03
4.395758696341195253e-03
3.364639367049973573e-01
2.261709363681477514e-01
3.323954588329261495e-01
2.800054812051684661e-02
6.108816533907720538e-03
5.906470467621000552e-03
6.779059209757384852e-02
1.842377193793821172e-02
3.074057841792134371e-01
2.515478694163792231e-03
1.306430926777948573e-03
1.572225784112890601e-01
3.671305544442863417e-02
1.069152067676632650e-02
4.380666611190522919e-02
8.891566419926617837e-02
1.597905009628484800e-03
4.756382871576479016e-02
2.412084212945064116e-02
3.586846186966091005e-02
1.932614494118039261e-01
3.745674819486495555e-02
4.410785279574586104e-02
8.646606617869428621e-03
7.556656346976016458e-02
9.955236730701868056e-03
1.041359047552590546e-02
2.405319037345038033e-03
1.019991468190623203e-02
1.376023178136816238e-02
4.061455873696898956e-04
8.596523573511359942e-03
1.032477454353454560e-01
9.308667177089228334e-03
2.792711937435582437e-02
1.256459307750541548e-03
4.604774288535494475e-02
1.095497088374297210e-03
5.624498725102138746e-02
1.747278185668767799e-03
8.373071497549488748e-03
2.908837163994280189e-02
3.101409038493604595e-02
5.790191122069653518e-04
3.442133328486891332e-03
9.424398492521563961e-03
5.711019559205351981e-02
1.034904536433111158e-02
5.066782946328660803e-02
4.015384653363363726e-02
1.258946138269064451e-02
3.523095924546757601e-02
8.182659163709780220e-03
2.629488369700576367e-02
5.343958461203136140e-02
4.467897047078769196e-02
2.081550059319638851e-02
4.626070351627474021e-03
5.182971639031810213e-02
2.576385391397747332e-02
2.248500317581048069e-02
2.168010695320628928e-02
5.231790082650392658e-03
1.401709263357369395e-01
2.152761602662960332e-04
4.063682570869757600e-03
8.262152110099873050e-05
1.227123433688698771e-02
3.424007420690381581e-03
2.431687092227785563e-02
6.571049807870703308e-02
7.764248228466358315e-03
5.339990541322165579e-02
1.824186443664033890e-04
7.692790836536798904e-02
2.172674375680496150e-01
2.835881859336752964e-03
9.570704628884133328e-04
8.466982229433237667e-03
1.597116694843497831e-03
6.141740180081951654e-03
1.675352241239122519e-02
2.789799500316632666e-02
1.511937794987409413e-02
6.307950852705705713e-02
4.354017586323113975e-02
1.984244290320089782e-02
3.980429892789972418e-02
4.041311757522465103e-02
1.294593958477618587e-03
1.155967991171135897e-02
2.565709948009393601e-02
6.224268309496555629e-02
9.545872652632030400e-03
3.997525609472062785e-02
1.612573493935785807e-02
3.176587521928212615e-02
5.184163331716411249e-02
3.633766509605586004e-01
1.117862250191538559e-03
2.121988886022483090e-01
1.087812787848727904e-02
6.461142075356515746e-04
8.054542632810010594e-02
8.356419681128865462e-03
5.713159416278177933e-04
4.222536817854342234e-02
3.942891193456547760e-02
5.901605444269281825e-03
1.327453342540117591e-02
3.806679778429188782e-02
5.327436740089938061e-01
7.372627744401845373e-02
4.746212138855649548e-02
4.482953087839251956e-03
1.102379019491307038e-01
1.159534279215804348e-01
6.068859033191697366e-02
6.431552378075329826e-03
2.775795194157623658e-02
2.072313947682116048e-03
3.926512301095726187e-02
3.883927717706548571e-02
3.878468464524636311e-02
5.202015054890095011e-03
7.435323659021328413e-02
8.333455066305018796e-03
3.282813014880063551e-02
4.917973974843201784e-03
6.664404857538615279e-03
4.657779660865692117e-02
8.754603356089553368e-03
1.050065296729359166e-03
1.453606925827681876e-02
4.669101253536488074e-04
5.432533074147689531e-03
1.617484866182383610e-03
4.863884990642557311e-03
1.446990910456663452e-04
7.883972440956993344e-02
2.044928042146157768e-02
1.783967937503941684e-02
7.914456749373485409e-03
6.158860484490869674e-03
3.124675613817128462e-04
2.394733869156977502e-01
3.785337211625098841e-01
2.614853165392729273e-01
7.126001297544978970e-03
6.587230608665546258e-03
9.001923148393060209e-03
3.531364887561690147e-02
1.975252775683661866e-01
5.168278101032128084e-03
7.896830895972090439e-03
4.420889133976862485e-03
8.865456051575690624e-03
5.946543244451155813e-03
8.909492331032349555e-02
3.740579938144483058e-02
2.943862483177803972e-03
6.372998598432669248e-03
1.840511892236892932e-02
1.727157186366338470e-01
3.552295759314450310e-03
8.209201206153293739e-02
9.013637994567667497e-03
8.471598313747327746e-02
3.849881910314240790e-02
6.406359739425488645e-04
3.621502480987237593e-02
6.191038731941497092e-02
2.737148002347655068e-02
1.175558772259551327e-01
4.807409330322344465e-02
1.220809268651435187e-01
1.795332169441809719e-02
1.761901080446764967e-01
7.792588928220518796e-02
7.012463452258932417e-02
2.607707207090755389e-02
1.472890072318725797e-02
5.780017901058655261e-02
8.863199820896587589e-02
7.761254229652131062e-04
7.387937814834054651e-01
4.391464167409173808e-02
3.663884523090196743e-01
1.004111189995462447e-04
1.074103034245969118e-01
1.134066259001503540e-01
4.548244800561450363e-02
2.379730818364989564e-01
1.027710621987561329e-01
5.272007914906323006e-03
3.428228885100236267e-01
4.365997802787166537e-01
3.210558159457442551e-02
1.498240584553175714e-01
4.814821871196324765e-01
2.263506385054417092e-01
4.422442932276017258e-01
1.242790236213122974e-03
1.043483100698428256e-01
1.978525924365225931e-03
3.214757067882227370e-01
6.246431198175177862e-02
6.670767190845731942e-02
1.189505262356927440e-01
4.269095294647286265e-02
2.266898951851324395e-01
1.043055237828839910e-01
1.198845840400641471e-03
1.466957728370574428e-03
3.355855018321697858e-01
2.810444442894277084e-01
4.252397301126964457e-02
1.656156438165982792e+00
2.392210112106960829e-01
2.046781271531012136e-01
1.133781047874978659e-01
1.617115692640226088e-01
4.955171166314156772e-01
6.363295196632418049e-01
1.013804370209174105e-01
3.297076448937354652e-04
6.395423749697304143e-03
7.606892849315788352e-02
9.575763324235847529e-02
1.134824415373188698e-02
3.515175588753311625e-02
7.172631909870473832e-01
2.002130879380812356e+00
9.840413140656818769e-03
1.229477416265743208e-04
1.486228261021731330e-04
8.865267286478752951e-01
8.306198254803844050e-02
4.830637291815681467e-03
5.918676875000876692e-01
1.881206439801685968e-04
3.278786495258835532e-02
2.839164790169938085e-02
4.070611186536413767e-02
1.134325484033366115e-04
5.205722641311457538e-02
6.810041967027258584e-04
9.062127301097606599e-03
6.940594543323096383e-04
6.323253939383347011e-02
6.023595906401750175e-04
7.583327302751309215e-03
3.035040614802652845e-02
1.643244416102129235e-01
4.971321165296200021e-04
3.783124229089194785e-04
1.226979137305372447e+00
5.199650101249077006e-01
3.558653696976847858e-01
1.981489285369382805e-02
7.857203951814101250e-02
7.112724583961156644e-02
6.889705666501598578e-04
1.140104233246708038e-01
1.729719088713544128e-01
4.021859277207010669e-02
1.605988880506128424e-01
5.149136108993188771e-02
4.972993697373321448e-02
7.099843331808909121e-03
